2 0.1625 0.371875 0.2265625 0.3390625
2 0.5640625 0.3046875 0.0421875 0.0359375
2 0.65703125 0.34375 0.04375 0.0328125
2 0.6625 0.2890625 0.046875 0.0515625
2 0.88671875 0.24609375 0.0578125 0.0375
2 0.58046875 0.5828125 0.1046875 0.059375
2 0.93515625 0.39453125 0.0875 0.0546875
2 0.71875 0.36484375 0.0703125 0.046875
2 0.57578125 0.38203125 0.0734375 0.0453125
2 0.528125 0.35703125 0.0578125 0.0375
2 0.3140625 0.94296875 0.15 0.1140625
0 0.69296875 0.89296875 0.3390625 0.2140625
2 0.90234375 0.81171875 0.1953125 0.3234375