2 0.09140625 0.02890625 0.0765625 0.0578125
0 0.56953125 0.234375 0.0796875 0.278125
2 0.44140625 0.5796875 0.06875 0.0625
2 0.19296875 0.57578125 0.0828125 0.0625
2 0.0875 0.584375 0.0765625 0.0609375
2 0.46328125 0.8703125 0.125 0.078125
2 0.20234375 0.70546875 0.1125 0.090625
2 0.48671875 0.6203125 0.0671875 0.059375
2 0.3765625 0.51015625 0.084375 0.0203125
2 0.3109375 0.98515625 0.11875 0.0296875
2 0.0296875 0.52109375 0.059375 0.0421875
2 0.73359375 0.509375 0.0671875 0.01875
2 0.59375 0.74375 0.0484375 0.0515625
2 0.64609375 0.7921875 0.0421875 0.04375
2 0.7203125 0.7109375 0.0703125 0.065625
2 0.70625 0.81015625 0.04375 0.0609375
1 0.99140625 0.5171875 0.0171875 0.034375
1 0.96640625 0.55390625 0.0390625 0.0671875