1 0.00859375 0.38671875 0.0171875 0.0609375
2 0.14375 0.30546875 0.0609375 0.0515625
2 0.2125 0.23984375 0.0828125 0.0578125
2 0.378125 0.33125 0.0953125 0.0625
2 0.37734375 0.19296875 0.06875 0.0453125
2 0.371875 0.08359375 0.0453125 0.034375
2 0.38828125 0.03359375 0.0578125 0.03125
2 0.40234375 0.0078125 0.0328125 0.015625
2 0.24140625 0.03515625 0.0578125 0.021875
2 0.13125 0.0078125 0.0375 0.015625
2 0.46171875 0.065625 0.0390625 0.0296875
2 0.228125 0.8796875 0.26875 0.240625
2 0.3984375 0.95234375 0.15625 0.0953125
2 0.83046875 0.64140625 0.1875 0.1953125
2 0.60546875 0.57421875 0.1109375 0.1515625