2 0.509375 0.1609375 0.0484375 0.046875
2 0.3546875 0.225 0.078125 0.0640625
2 0.2859375 0.015625 0.0625 0.03125
2 0.146875 0.0453125 0.0453125 0.040625
2 0.23359375 0.07734375 0.05 0.0546875
2 0.39453125 0.09296875 0.078125 0.053125
2 0.0546875 0.19140625 0.025 0.040625
2 0.128125 0.16484375 0.0625 0.05625
2 0.13671875 0.25703125 0.0640625 0.05
2 0.25078125 0.5234375 0.0453125 0.0484375
2 0.19296875 0.565625 0.0390625 0.040625
2 0.12734375 0.47734375 0.065625 0.0609375
2 0.13125 0.57734375 0.0390625 0.059375
2 0.40390625 0.43359375 0.078125 0.0703125
2 0.20234375 0.0140625 0.0390625 0.028125
0 0.73125 0.18125 0.3015625 0.309375