1 0.1953125 0.409375 0.040625 0.01875
1 0.1265625 0.3796875 0.05 0.0484375
1 0.11640625 0.33046875 0.0484375 0.05
1 0.15 0.3515625 0.0421875 0.05
2 0.36640625 0.38828125 0.0640625 0.05625
2 0.42890625 0.3171875 0.0859375 0.0640625
2 0.58046875 0.38828125 0.0578125 0.0609375
2 0.58125 0.25546875 0.05625 0.0515625
2 0.575 0.14765625 0.0484375 0.0390625
2 0.5828125 0.09609375 0.053125 0.0359375
2 0.59453125 0.06640625 0.0296875 0.0265625
2 0.43984375 0.1109375 0.0578125 0.0265625
2 0.328125 0.0828125 0.040625 0.040625
0 0.8453125 0.1390625 0.309375 0.278125
0 0.28125 0.78515625 0.1890625 0.2109375
2 0.05703125 0.5203125 0.1140625 0.16875
0 0.78125 0.8265625 0.34375 0.346875