1 0.00859375 0.2546875 0.0171875 0.075
1 0.04453125 0.2015625 0.0234375 0.059375
2 0.56328125 0.25546875 0.0390625 0.03125
2 0.4765625 0.30703125 0.040625 0.028125
2 0.4640625 0.253125 0.040625 0.046875
2 0.23515625 0.2421875 0.0546875 0.03125
2 0.20859375 0.3953125 0.0828125 0.0453125
2 0.41796875 0.3359375 0.0671875 0.0375
2 0.5625 0.33359375 0.0703125 0.0359375
2 0.5890625 0.3015625 0.021875 0.03125
0 0.425 0.84375 0.35 0.290625
0 0.9203125 0.61484375 0.159375 0.2109375
0 0.7046875 0.6171875 0.209375 0.2