2 0.46953125 0.0921875 0.071875 0.0546875
2 0.2703125 0.13203125 0.06875 0.0546875
2 0.20078125 0.23125 0.0953125 0.0734375
2 0.0203125 0.38359375 0.040625 0.0796875
2 0.1453125 0.35703125 0.115625 0.0765625
2 0.384375 0.00546875 0.071875 0.0109375
2 0.09296875 0.01796875 0.0703125 0.0359375
2 0.1 0.0578125 0.0671875 0.0453125
2 0.11875 0.0984375 0.0703125 0.0578125
2 0.8984375 0.51015625 0.203125 0.1171875
0 0.67265625 0.521875 0.3265625 0.09375
2 0.20390625 0.78984375 0.4078125 0.4203125
0 0.7375 0.87265625 0.1546875 0.225
2 0.571875 0.6453125 0.125 0.153125