2 0.575 0.35703125 0.13125 0.0453125
2 0.03203125 0.03125 0.0640625 0.0625
2 0.18359375 0.18203125 0.1078125 0.075
2 0.409375 0.22890625 0.121875 0.0859375
2 0.55078125 0.17421875 0.1 0.0765625
2 0.43125 0.109375 0.1046875 0.0796875
2 0.1921875 0.10859375 0.0765625 0.0640625
2 0.0140625 0.165625 0.028125 0.0625
2 0.38515625 0.01171875 0.0765625 0.0234375
2 0.2140625 0.03046875 0.078125 0.0609375
0 0.9 0.18984375 0.2 0.3796875
0 0.61953125 0.81875 0.3609375 0.3625
2 0.859375 0.8734375 0.11875 0.253125