2 0.22265625 0.13671875 0.059375 0.040625
2 0.053125 0.2375 0.0578125 0.04375
2 0.4953125 0.203125 0.046875 0.025
2 0.09140625 0.15234375 0.0703125 0.040625
2 0.275 0.23671875 0.075 0.053125
2 0.49765625 0.2734375 0.0421875 0.046875
2 0.075 0.27890625 0.0875 0.0515625
2 0.19921875 0.3296875 0.1015625 0.05625
2 0.06171875 0.4515625 0.115625 0.0703125
0 0.79375 0.28671875 0.109375 0.175
1 0.603125 0.0265625 0.1 0.053125
2 0.06328125 0.62890625 0.1140625 0.0984375
0 0.67578125 0.6796875 0.3140625 0.2