2 0.5046875 0.18671875 0.0671875 0.0609375
2 0.28125 0.2953125 0.08125 0.059375
2 0.19140625 0.3515625 0.075 0.0578125
2 0.3484375 0.40703125 0.1109375 0.0859375
2 0.54921875 0.2015625 0.0390625 0.05625
2 0.17734375 0.175 0.0640625 0.059375
2 0.4078125 0.13671875 0.0828125 0.05625
2 0.1 0.31796875 0.0734375 0.0546875
2 0.05078125 0.425 0.078125 0.0546875
0 0.91640625 0.31875 0.1671875 0.6
2 0.69609375 0.5265625 0.2546875 0.184375
2 0.278125 0.82421875 0.55625 0.3515625
0 0.846875 0.8640625 0.30625 0.271875