2 0.290625 0.284375 0.0765625 0.0640625
2 0.78515625 0.15078125 0.0484375 0.0609375
2 0.60625 0.21484375 0.071875 0.0609375
2 0.54921875 0.32265625 0.1015625 0.0828125
2 0.309375 0.40234375 0.125 0.0734375
2 0.50859375 0.42421875 0.1203125 0.0296875
2 0.409375 0.03203125 0.071875 0.0515625
2 0.7015625 0.0546875 0.075 0.0609375
2 0.41640625 0.1203125 0.071875 0.0515625
2 0.428125 0.16171875 0.0703125 0.0515625
2 0.4515625 0.20078125 0.075 0.0640625
0 0.21484375 0.8609375 0.3921875 0.278125
2 0.69296875 0.86171875 0.2328125 0.2765625
2 0.95 0.6046875 0.1 0.33125
2 0.91171875 0.88984375 0.1765625 0.2203125