2 0.18515625 0.22109375 0.0671875 0.05
2 0.50703125 0.246875 0.0640625 0.046875
2 0.42109375 0.3328125 0.0890625 0.0625
2 0.1671875 0.34609375 0.1140625 0.0609375
2 0.17890625 0.4453125 0.1125 0.0640625
2 0.34453125 0.446875 0.109375 0.0625
2 0.37265625 0.01640625 0.0640625 0.0328125
2 0.353125 0.10078125 0.065625 0.0359375
2 0.35234375 0.14375 0.0625 0.0375
2 0.36328125 0.18828125 0.065625 0.05
2 0.859375 0.39375 0.28125 0.171875
2 0.25546875 0.5828125 0.3390625 0.153125
2 0.86015625 0.51015625 0.1359375 0.0609375