2 0.08828125 0.31328125 0.0734375 0.0640625
2 0.0078125 0.27265625 0.015625 0.0640625
2 0.075 0.16640625 0.075 0.0609375
2 0.284375 0.240625 0.075 0.0609375
2 0.32421875 0.46875 0.1046875 0.040625
2 0.22265625 0.3125 0.0734375 0.0609375
0 0.19609375 0.9015625 0.3671875 0.196875
2 0.64453125 0.77734375 0.046875 0.05
2 0.634375 0.884375 0.034375 0.0359375
2 0.5390625 0.840625 0.0484375 0.0421875
2 0.7609375 0.88515625 0.078125 0.065625
2 0.53203125 0.92421875 0.0640625 0.0546875
2 0.65546875 0.953125 0.059375 0.046875