2 0.1125 0.23046875 0.0828125 0.065625
2 0.371875 0.34296875 0.090625 0.065625
2 0.2765625 0.3078125 0.084375 0.065625
2 0.36015625 0.21484375 0.0796875 0.0671875
2 0.59609375 0.175 0.0484375 0.0546875
2 0.50859375 0.1625 0.0625 0.0515625
2 0.02265625 0.2328125 0.0453125 0.040625
2 0.50390625 0.06015625 0.05 0.0578125
2 0.125 0.09296875 0.0703125 0.053125
2 0.2234375 0.14375 0.0734375 0.040625
2 0.740625 0.31171875 0.05625 0.0640625
2 0.93671875 0.18984375 0.1265625 0.3796875
2 0.73984375 0.6796875 0.053125 0.0515625
2 0.59765625 0.76640625 0.0828125 0.071875
2 0.49609375 0.565625 0.065625 0.0484375
2 0.3640625 0.62265625 0.05 0.0453125
2 0.45390625 0.63984375 0.0546875 0.059375
2 0.61640625 0.6296875 0.08125 0.0625
2 0.2953125 0.78125 0.0296875 0.0421875
2 0.3640625 0.74296875 0.06875 0.0640625
2 0.38671875 0.8328125 0.06875 0.0578125
2 0.67734375 0.96328125 0.0859375 0.0734375
1 0.1625 0.68046875 0.0296875 0.040625
1 0.125 0.86484375 0.03125 0.0515625
1 0.15859375 0.9078125 0.0421875 0.0671875
2 0.4140625 0.578125 0.0421875 0.040625
1 0.99140625 0.84375 0.0171875 0.05625