2 0.44453125 0.1796875 0.075 0.0640625
2 0.06328125 0.21796875 0.11875 0.0953125
2 0.5265625 0.35234375 0.1046875 0.084375
2 0.25390625 0.14609375 0.078125 0.0671875
2 0.36015625 0.196875 0.0734375 0.0625
2 0.5 0.11796875 0.0765625 0.0640625
2 0.30546875 0.034375 0.078125 0.0671875
2 0.621875 0.18046875 0.075 0.0640625
2 0.50390625 0.6125 0.2015625 0.25
2 0.68828125 0.7546875 0.0578125 0.1
2 0.68671875 0.87109375 0.0546875 0.0828125
2 0.9265625 0.4765625 0.04375 0.040625
2 0.96328125 0.446875 0.0421875 0.015625
2 0.87578125 0.49765625 0.0640625 0.05
2 0.97734375 0.64296875 0.0390625 0.046875
2 0.87265625 0.5984375 0.0625 0.0578125
2 0.896875 0.73125 0.0578125 0.0578125
2 0.778125 0.66328125 0.0859375 0.0875
2 0.77421875 0.7390625 0.103125 0.0734375
2 0.88203125 0.93046875 0.0734375 0.0703125