2 0.3640625 0.28046875 0.075 0.0625
2 0.4515625 0.50546875 0.0984375 0.0703125
2 0.134375 0.21015625 0.0765625 0.0640625
2 0.21953125 0.165625 0.075 0.065625
2 0.0625 0.484375 0.125 0.1
2 0.0875 0.5984375 0.134375 0.0625
2 0.2328125 0.60859375 0.115625 0.0421875
2 0.30625 0.33359375 0.078125 0.065625
2 0.4609375 0.4203125 0.078125 0.065625
2 0.1046875 0.253125 0.0765625 0.0640625
2 0.071875 0.3359375 0.09375 0.0796875
2 0.76953125 0.31875 0.4609375 0.621875
0 0.25 0.81484375 0.378125 0.3703125
2 0.85 0.72265625 0.3 0.1859375