2 0.31171875 0.1046875 0.1046875 0.209375
2 0.4609375 0.44609375 0.0796875 0.059375
2 0.2921875 0.6734375 0.0875 0.0578125
2 0.3578125 0.5953125 0.08125 0.059375
2 0.2390625 0.55703125 0.0765625 0.0609375
2 0.01796875 0.63984375 0.0359375 0.0515625
2 0.62578125 0.4609375 0.0546875 0.0640625
2 0.084375 0.58515625 0.0609375 0.046875
2 0.54609375 0.4 0.059375 0.0359375
2 0.03671875 0.49453125 0.046875 0.0546875
2 0.38125 0.3484375 0.06875 0.01875
2 0.32109375 0.4265625 0.0734375 0.0328125
2 0.39765625 0.91171875 0.1578125 0.078125
0 0.7765625 0.8 0.234375 0.14375