2 0.378125 0.40390625 0.0625 0.0296875
2 0.4 0.3890625 0.01875 0.053125
2 0.2875 0.39375 0.103125 0.05
0 0.6578125 0.34609375 0.465625 0.1453125
2 0.11328125 0.42890625 0.0421875 0.0203125
2 0.03125 0.4609375 0.0453125 0.05
2 0.22109375 0.55625 0.0203125 0.0390625
2 0.1453125 0.5375 0.059375 0.0515625
2 0.14609375 0.6296875 0.059375 0.0453125
2 0.0609375 0.90703125 0.040625 0.04375
2 0.12265625 0.94296875 0.0359375 0.0375
2 0.178125 0.8484375 0.0609375 0.05625
2 0.184375 0.94765625 0.034375 0.05625
1 0.32265625 0.43125 0.0203125 0.025
1 0.403125 0.59375 0.0125 0.05
1 0.3859375 0.64296875 0.0265625 0.0640625
2 0.646875 0.69375 0.2953125 0.1296875
2 0.78828125 0.85 0.3078125 0.3