2 0.321875 0.49765625 0.065625 0.0421875
2 0.1921875 0.453125 0.065625 0.13125
2 0.021875 0.46796875 0.04375 0.1015625
2 0.915625 0.34609375 0.11875 0.059375
2 0.73671875 0.39375 0.11875 0.078125
2 0.98359375 0.43515625 0.0328125 0.0796875
2 0.9796875 0.22734375 0.040625 0.0828125
2 0.60234375 0.32578125 0.1125 0.0609375
2 0.653125 0.215625 0.0921875 0.05625
2 0.5234375 0.184375 0.0703125 0.053125
2 0.42890625 0.13359375 0.0703125 0.053125
2 0.5484375 0.1203125 0.0703125 0.053125
2 0.8734375 0.06171875 0.0671875 0.053125
2 0.6296875 0.065625 0.0703125 0.0453125
2 0.58203125 0.01640625 0.0703125 0.0328125
2 0.21875 0.74140625 0.2 0.109375
0 0.7890625 0.759375 0.359375 0.48125