0 0.0515625 0.240625 0.103125 0.48125
2 0.2890625 0.38125 0.1 0.409375
2 0.13203125 0.53515625 0.2640625 0.1078125
2 0.77265625 0.55625 0.0953125 0.065625
2 0.86015625 0.51484375 0.0953125 0.140625
2 0.91484375 0.23203125 0.065625 0.0859375
2 0.65078125 0.5265625 0.0921875 0.125
2 0.553125 0.4671875 0.0828125 0.1140625
2 0.4953125 0.271875 0.0703125 0.0984375
0 0.93125 0.2296875 0.0453125 0.053125
0 0.20546875 0.69609375 0.2671875 0.2140625
2 0.53125 0.74765625 0.075 0.0625
2 0.91640625 0.9421875 0.0765625 0.065625
2 0.49765625 0.85859375 0.0765625 0.0640625
2 0.9328125 0.88515625 0.0734375 0.0625
2 0.72578125 0.75859375 0.0765625 0.0640625