0 0.14765625 0.23984375 0.2953125 0.3390625
2 0.98671875 0.03359375 0.0265625 0.0484375
2 0.84609375 0.33046875 0.115625 0.0515625
2 0.665625 0.365625 0.1140625 0.071875
2 0.9453125 0.4 0.103125 0.01875
2 0.95 0.21953125 0.1 0.0765625
2 0.5453125 0.28828125 0.090625 0.0546875
2 0.59375 0.18203125 0.0890625 0.05
2 0.51484375 0.07890625 0.0296875 0.0484375
2 0.82421875 0.04375 0.0640625 0.0484375
2 0.58125 0.03046875 0.0671875 0.040625
2 0.453125 0.4984375 0.09375 0.178125
0 0.36015625 0.87890625 0.1671875 0.2421875
2 0.6796875 0.940625 0.26875 0.11875