0 0.2953125 0.4640625 0.309375 0.371875
0 0.87578125 0.34296875 0.2484375 0.5484375
2 0.5296875 0.5171875 0.159375 0.265625
0 0.2375 0.94140625 0.134375 0.1171875
2 0.1125 0.9578125 0.175 0.084375
2 0.4765625 0.825 0.053125 0.053125
2 0.55078125 0.97734375 0.1203125 0.0453125
2 0.9609375 0.9765625 0.078125 0.046875
2 0.9015625 0.8921875 0.0921875 0.0578125
2 0.99140625 0.82734375 0.0171875 0.0546875
2 0.97109375 0.77109375 0.0578125 0.0546875
2 0.64921875 0.79921875 0.06875 0.053125
2 0.88515625 0.740625 0.0703125 0.046875
2 0.9140625 0.67421875 0.071875 0.0484375