0 0.64609375 0.23203125 0.2453125 0.1359375
0 0.8203125 0.1671875 0.103125 0.2375
2 0.675 0.321875 0.06875 0.04375
2 0.4609375 0.43671875 0.0828125 0.0640625
2 0.096875 0.81796875 0.0671875 0.0734375
2 0.375 0.49921875 0.0765625 0.0625
2 0.5359375 0.54375 0.1125 0.0921875
2 0.15625 0.7359375 0.078125 0.078125
2 0.73515625 0.3265625 0.0671875 0.053125
2 0.3484375 0.32734375 0.065625 0.0546875
2 0.74765625 0.74921875 0.0421875 0.0828125
2 0.40234375 0.83046875 0.134375 0.0859375
2 0.28203125 0.471875 0.075 0.059375
2 0.240625 0.58203125 0.0796875 0.059375
0 0.92421875 0.5921875 0.1515625 0.45625