2 0.3640625 0.3765625 0.15 0.20625
2 0.56171875 0.0609375 0.065625 0.0546875
2 0.46015625 0.221875 0.0421875 0.05625
2 0.84140625 0.0140625 0.0578125 0.028125
2 0.4625 0.12734375 0.046875 0.0578125
2 0.65078125 0.13125 0.084375 0.0703125
2 0.8765625 0.071875 0.065625 0.059375
2 0.4859375 0.2515625 0.09375 0.071875
2 0.61875 0.246875 0.109375 0.08125
2 0.54296875 0.4140625 0.125 0.096875
0 0.11328125 0.69609375 0.2265625 0.4203125
2 0.8671875 0.878125 0.2625 0.24375
2 0.51953125 0.76328125 0.1609375 0.2203125