2 0.24921875 0.30625 0.3 0.2984375
0 0.06875 0.2765625 0.1375 0.409375
2 0.37578125 0.44765625 0.1953125 0.2046875
0 0.8859375 0.309375 0.128125 0.184375
1 0.7390625 0.0296875 0.128125 0.059375
2 0.4296875 0.56953125 0.071875 0.0390625
2 0.203125 0.8109375 0.1203125 0.065625
2 0.03984375 0.80078125 0.0796875 0.0859375
2 0.2765625 0.92890625 0.1109375 0.0859375
2 0.4453125 0.840625 0.096875 0.0640625
2 0.33828125 0.73046875 0.121875 0.090625
2 0.0203125 0.60546875 0.040625 0.0609375
0 0.8875 0.8546875 0.225 0.290625