0 0.40859375 0.1546875 0.1203125 0.309375
2 0.08671875 0.1546875 0.1734375 0.309375
0 0.784375 0.07734375 0.390625 0.1546875
2 0.0640625 0.890625 0.1203125 0.0828125
2 0.20078125 0.82734375 0.1140625 0.0640625
2 0.15390625 0.715625 0.09375 0.0578125
2 0.44921875 0.72109375 0.0390625 0.0578125
2 0.28515625 0.6890625 0.071875 0.0546875
2 0.38125 0.640625 0.071875 0.0546875
2 0.26171875 0.6234375 0.071875 0.0546875
2 0.1828125 0.565625 0.0703125 0.046875
2 0.23125 0.5078125 0.071875 0.0578125
2 0.6375 0.328125 0.071875 0.0375
2 0.565625 0.9 0.128125 0.0671875
2 0.4890625 0.32109375 0.040625 0.0234375
2 0.66484375 0.3890625 0.0703125 0.0546875
2 0.5078125 0.68984375 0.078125 0.0703125
2 0.63984375 0.70859375 0.0953125 0.0640625
2 0.5640625 0.5953125 0.1 0.0671875
2 0.578125 0.4703125 0.071875 0.0546875
2 0.5078125 0.39609375 0.071875 0.0546875