2 0.37265625 0.04375 0.1140625 0.0875
2 0.36875 0.32109375 0.121875 0.2046875
2 0.5609375 0.43984375 0.075 0.0703125
2 0.93203125 0.04609375 0.065625 0.0453125
2 0.61484375 0.09453125 0.0421875 0.046875
2 0.66171875 0.03203125 0.046875 0.0609375
2 0.96796875 0.10390625 0.0640625 0.0578125
2 0.94296875 0.1796875 0.065625 0.0625
2 0.91015625 0.409375 0.1234375 0.0578125
2 0.5421875 0.1984375 0.06875 0.0640625
2 0.51328125 0.2578125 0.046875 0.0546875
1 0.21484375 0.66640625 0.4296875 0.2734375
2 0.92734375 0.653125 0.1453125 0.178125