2 0.13046875 0.51953125 0.2609375 0.1609375
0 0.46328125 0.39375 0.2671875 0.4125
2 0.36328125 0.059375 0.0671875 0.11875
2 0.86015625 0.52109375 0.2796875 0.1578125
2 0.16484375 0.653125 0.3296875 0.10625
1 0.4671875 0.98046875 0.05 0.0390625
1 0.45859375 0.9359375 0.046875 0.05
1 0.490625 0.9578125 0.040625 0.05
2 0.70703125 0.98515625 0.0640625 0.0296875
2 0.7703125 0.92890625 0.0859375 0.0625
2 0.94140625 0.98671875 0.0984375 0.0265625
2 0.93203125 0.8703125 0.071875 0.05
2 0.91953125 0.76171875 0.046875 0.0375
2 0.93203125 0.71015625 0.059375 0.034375
2 0.94375 0.68046875 0.034375 0.025
2 0.78515625 0.721875 0.0578125 0.025
2 0.67421875 0.6921875 0.040625 0.040625
2 0.99375 0.73671875 0.0125 0.0328125